2 1 0.0 1
2 1 0.0 2
2 1 0.0 3
2 1 0.0 4
2 1 0.0 1
2 1 0.0 2
2 1 0.0 3
2 1 0.0 4
2 1 0.0 1
2 1 0.0 2
2 1 0.0 3
2 1 0.0 4
2 1 0.0 1
2 1 0.0 3
2 1 0.0 4
2 1 0.0 1
2 1 0.0 3
2 1 0.0 4
2 1 0.0 1
2 1 0.0 3
2 1 0.0 4
2 1 0.0 1
2 1 0.0 3
2 1 0.0 1
2 1 0.0 3
2 1 0.0 1
2 1 0.0 3
2 1 0.0 4
2 1 0.0 1
2 1 0.0 3
2 1 0.0 4
2 1 0.0 1
2 1 0.0 3
2 1 0.0 4
2 1 0.0 1
2 1 0.0 3
2 1 0.0 4
2 1 0.0 1
2 1 0.0 3
2 1 0.0 4
2 1 0.0 1
2 1 0.0 3
2 1 0.0 4
2 1 0.0 1
2 1 0.0 3
2 1 0.0 4
2 1 0.0 1
2 1 0.0 3
2 1 0.0 4
2 1 0.0 1
2 1 0.0 3
2 1 0.0 4
2 1 0.0 1
2 1 0.0 3
2 1 0.0 4
2 1 0.0 1
2 1 0.0 3
2 1 0.0 4
2 1 1556118155.1 2
2 1 1556118155.1 3
2 1 1556118155.1 4
2 1 1556119555.20 2
2 1 1556119555.20 3
2 1 1556119555.20 4
2 1 0.0 1
2 1 0.0 2
2 1 0.0 3
2 1 0.0 4
2 1 0.0 1
2 1 0.0 2
2 1 0.0 3
2 1 0.0 4
2 1 0.0 1
2 1 0.0 2
2 1 0.0 3
2 1 0.0 4
2 1 0.0 1
2 1 0.0 2
2 1 0.0 3
2 1 0.0 4
2 1 0.0 1
2 1 0.0 2
2 1 0.0 3
2 1 0.0 4
2 1 0.0 1
2 1 0.0 2
2 1 0.0 3
2 1 0.0 4
2 1 0.0 1
2 1 0.0 2
2 1 0.0 3
2 1 0.0 4
2 1 0.0 1
2 1 0.0 2
2 1 0.0 3
2 1 0.0 4
2 1 0.0 1
2 1 0.0 2
2 1 0.0 3
2 1 0.0 4
2 1 0.0 1
2 1 0.0 2
2 1 0.0 3
2 1 0.0 4
2 1 0.0 1
2 1 0.0 2
2 1 0.0 3
2 1 0.0 4
2 1 0.0 1
2 1 0.0 2
2 1 0.0 3
2 1 0.0 4
2 1 0.0 1
2 1 0.0 2
2 1 0.0 3
2 1 0.0 4
2 1 0.0 1
2 1 0.0 2
2 1 0.0 3
2 1 0.0 4
2 1 0.0 1
2 1 0.0 2
2 1 0.0 3
2 1 0.0 4
2 1 0.0 1
2 1 0.0 2
2 1 0.0 3
2 1 0.0 4
2 1 0.0 1
2 1 0.0 2
2 1 0.0 3
2 1 0.0 4
2 1 0.0 1
2 1 0.0 2
2 1 0.0 3
2 1 0.0 4
2 1 0.0 1
2 1 0.0 2
2 1 0.0 3
2 1 0.0 4
2 1 0.0 1
2 1 0.0 2
2 1 0.0 3
2 1 0.0 4
2 1 0.0 1
2 1 0.0 2
2 1 0.0 3
2 1 0.0 4
2 1 0.0 1
2 1 0.0 2
2 1 0.0 3
2 1 0.0 4
2 1 0.0 1
2 1 0.0 2
2 1 0.0 3
2 1 0.0 4
2 1 0.0 1
2 1 0.0 2
2 1 0.0 3
2 1 0.0 4
2 1 0.0 1
2 1 0.0 2
2 1 0.0 3
2 1 0.0 4
2 1 0.0 1
2 1 0.0 2
2 1 0.0 3
2 1 0.0 4
2 1 0.0 1
2 1 0.0 2
2 1 0.0 3
2 1 0.0 4
2 1 0.0 1
2 1 0.0 2
2 1 0.0 3
2 1 0.0 4
2 1 0.0 1
2 1 0.0 2
2 1 0.0 3
2 1 0.0 4
2 1 0.0 1
2 1 0.0 2
2 1 0.0 3
2 1 0.0 4
2 1 0.0 1
2 1 0.0 2
2 1 0.0 3
2 1 0.0 4
2 1 0.0 1
2 1 0.0 2
2 1 0.0 3
2 1 0.0 4
2 1 0.0 1
2 1 0.0 2
2 1 0.0 3
2 1 0.0 4
2 1 0.0 1
2 1 0.0 2
2 1 0.0 3
2 1 0.0 4
2 1 0.0 1
2 1 0.0 2
2 1 0.0 3
2 1 0.0 4
2 1 0.0 1
2 1 0.0 2
2 1 0.0 3
2 1 0.0 4
2 1 0.0 1
2 1 0.0 2
2 1 0.0 3
2 1 0.0 4
2 1 0.0 1
2 1 0.0 4
2 1 0.0 1
2 1 0.0 4
2 1 0.0 1
2 1 0.0 4
2 1 0.0 1
2 1 0.0 4
2 1 0.0 1
2 1 0.0 4
2 1 0.0 1
2 1 0.0 4
2 1 0.0 1
2 1 0.0 4
2 1 0.0 1
2 1 0.0 4
2 1 0.0 1
2 1 0.0 4
2 1 0.0 1
2 1 0.0 4
2 1 0.0 1
2 1 0.0 4
2 1 0.0 1
2 1 0.0 4
2 1 0.0 1
2 1 0.0 4
2 1 0.0 1
2 1 0.0 4
2 1 0.0 1
2 1 0.0 4
2 1 0.0 1
2 1 0.0 4
2 1 0.0 1
2 1 0.0 4
2 1 0.0 1
2 1 0.0 3
2 1 0.0 4
2 1 0.0 1
2 1 0.0 3
2 1 0.0 4
2 1 0.0 1
2 1 0.0 3
2 1 0.0 4
2 1 0.0 1
2 1 0.0 3
2 1 0.0 4
2 1 0.0 1
2 1 0.0 3
2 1 0.0 4
2 1 0.0 1
2 1 0.0 3
2 1 0.0 4
2 1 0.0 1
2 1 0.0 3
2 1 0.0 4
2 1 0.0 1
2 1 0.0 3
2 1 0.0 4
2 1 0.0 1
2 1 0.0 1
2 1 0.0 1
2 1 0.0 2
2 1 0.0 3
2 1 0.0 4
2 1 0.0 1
2 1 0.0 2
2 1 0.0 3
2 1 0.0 4
2 1 0.0 1
2 1 0.0 2
2 1 0.0 3
2 1 0.0 4
2 1 0.0 1
2 1 0.0 2
2 1 0.0 3
2 1 0.0 4
2 1 0.0 1
2 1 0.0 2
2 1 0.0 3
2 1 0.0 4
2 1 0.0 1
2 1 0.0 2
2 1 0.0 3
2 1 0.0 4
2 1 0.0 1
2 1 0.0 2
2 1 0.0 3
2 1 0.0 4
2 1 0.0 1
2 1 0.0 2
2 1 0.0 3
2 1 0.0 1
2 1 0.0 2
2 1 0.0 3
2 1 9.0 4
2 1 0.0 1
2 1 0.0 2
2 1 0.0 3
2 1 3.0 4
