2 1 0.0 1
2 1 0.0 2
2 1 0.0 3
2 1 0.0 4
2 1 0.0 1
2 1 0.0 2
2 1 0.0 3
2 1 0.0 4
2 1 0.0 1
2 1 0.0 2
2 1 0.0 3
2 1 0.0 4
2 1 0.0 1
2 1 0.0 2
2 1 0.0 3
2 1 0.0 1
2 1 0.0 2
2 1 0.0 3
2 1 0.0 4
2 1 0.0 1
2 1 0.0 2
2 1 0.0 3
2 1 6.0 4
2 1 0.0 1
2 1 0.0 2
2 1 0.0 3
2 1 0.0 1
2 1 0.0 2
2 1 0.0 3
2 1 0.0 1
2 1 0.0 2
2 1 0.0 3
2 1 0.0 1
2 1 0.0 2
2 1 0.0 3
2 1 0.0 1
2 1 0.0 2
2 1 0.0 3
2 1 30.0 4
2 1 0.0 1
2 1 0.0 2
2 1 0.0 3
2 1 0.0 1
2 1 0.0 2
2 1 0.0 3
2 1 0.0 1
2 1 0.0 2
2 1 0.0 3
2 1 0.0 1
2 1 0.0 2
2 1 0.0 3
2 1 0.0 1
2 1 0.0 2
2 1 0.0 3
2 1 0.0 1
2 1 0.0 2
2 1 0.0 3
2 1 0.0 1
2 1 0.0 2
2 1 0.0 3
2 1 0.0 1
2 1 0.0 2
2 1 0.0 3
2 1 1559552008.600 4
2 1 0.0 1
2 1 0.0 2
2 1 0.0 3
2 1 1559552188.0 4
2 1 0.0 1
2 1 0.0 2
2 1 0.0 3
2 1 1560759747.200 4
